FIBER MJD MODELFLUX_1 MODELFLUX_2 MODELFLUX_3 PLATE
274 55186 3384.1 6259.5 8650.0 3589
164 55182 2874.1 5664.5 8112.0 3662
562 55244 2722.0 4879.8 6748.7 3682
852 55244 2852.8 6423.3 9722.6 3682
944 55269 3231.1 6074.2 8299.8 3687
970 55273 2015.4 2484.7 3305.2 3688
668 55274 7685.0 11826.0 15057.0 3691
660 55517 7249.7 12437.0 16370.0 3699
953 55505 49876.0 9.0739 11.799 3756
780 55332 3056.6 7034.2 10366.0 3930
734 55336 3231.8 7559.6 11659.0 3943
284 55678 2111.0 5145.2 8068.7 3955
750 55325 3412.5 3906.5 3449.1 4026
600 55361 4359.6 9106.0 13194.0 4041
166 55626 2128.7 4285.6 6495.4 4042
656 55591 2044.3 4316.2 6326.7 4049
176 55589 2260.2 3550.6 4640.8 4052
172 55600 2260.2 3550.6 4640.8 4052
680 55443 2025.9 1528.4 2953.1 4201
122 55471 3038.8 6146.0 9211.0 4215
448 55477 3038.8 6146.0 9211.0 4216
774 55483 2084.5 2872.1 14953.0 4230
914 55830 3494.1 8043.7 12347.0 4371
440 55858 2447.6 5261.0 7858.9 4465
124 55894 4112.9 8144.8 12298.0 4468
204 55592 2058.8 3462.5 4766.8 4479
200 55569 2062.5 4401.7 6516.9 4502
654 55590 7249.7 12437.0 16370.0 4527
602 55983 2034.0 3794.6 5151.1 4604
218 55615 2491.4 4601.9 6299.7 4635
410 55946 2860.6 7606.9 10064.0 4643
502 55614 2569.4 5100.4 7278.3 4661
952 56209 2161.4 3859.3 5267.3 4665
128 56226 2034.0 3794.6 5151.1 4684
942 55660 3451.1 6229.5 8476.3 4697
882 55709 5635.8 10690.0 14921.0 4700
766 55707 5199.1 10089.0 14194.0 4710
976 55646 5382.2 10348.0 13130.0 4751
414 55660 4667.2 8967.3 12108.0 4755
890 55653 9738.6 18256.0 24325.0 4757
314 55925 6074.4 12615.0 18717.0 4771
644 55677 8273.9 18290.0 26552.0 4784
921 55715 3642.5 7643.1 11074.0 4805
144 55680 3076.6 6737.0 10710.0 4832
432 55680 5084.7 8364.8 10888.0 4832
266 55690 3352.2 7091.0 10560.0 4840
630 55928 2683.8 4619.0 6040.0 4853
880 55926 4452.9 6292.7 7677.5 4855
138 55691 3803.3 7099.8 10318.0 4860
116 55710 2010.8 4305.4 6342.0 4861
315 55685 3363.4 6855.0 10156.0 4862
886 55710 3447.5 7868.9 11676.0 4878
859 55749 2412.6 5632.7 8190.0 5041
128 56329 3639.7 6124.2 8281.3 5150
481 56567 2349.1 5459.7 8331.3 5151
832 55946 4447.5 8848.0 11952.0 5155
56 56074 2711.9 4488.6 5930.9 5189
756 56077 3180.4 7051.3 10708.0 5190
864 55913 3978.4 6683.0 8473.2 5297
492 55927 3242.3 5349.1 6723.9 5299
488 55955 3711.5 7011.9 9930.0 5316
450 55983 2483.3 5386.2 7744.4 5318
881 55999 2256.8 4637.1 6835.5 5320
34 56003 3229.1 7341.8 10995.0 5322
414 56002 3229.1 7341.8 10995.0 5326
183 55981 2035.5 4530.9 7291.8 5332
20 55999 2007.9 3595.9 4772.1 5343
572 55978 2007.9 3595.9 4772.1 5348
610 55978 2329.2 4760.9 6542.1 5348
500 56009 2254.4 3347.7 3640.7 5355
630 55973 3574.8 6210.4 8580.6 5361
602 55986 4532.4 6687.0 7495.4 5379
220 55980 2979.7 4025.3 4807.3 5380
66 55947 6079.3 13896.0 21510.0 5396
538 55944 2190.5 3912.2 5153.3 5397
984 56308 3689.2 5515.9 6767.2 5400
416 55949 2254.6 5164.4 7601.4 5401
308 55979 4964.9 9127.6 12511.0 5403
556 55979 3149.5 6200.7 8772.6 5403
151 56013 6531.3 14579.0 18906.0 5404
240 56014 3179.1 5783.3 7957.5 5414
2 56011 3865.5 8687.4 13181.0 5431
948 56008 4142.2 7993.7 11445.0 5432
286 55982 2765.6 4983.1 6879.1 5435
454 55976 3031.7 6654.8 10097.0 5457
234 56011 3402.9 7066.0 9891.8 5458
368 56033 2330.1 3585.5 4390.7 5466
268 55973 2109.8 3584.3 4707.9 5467
472 55973 8709.0 14514.0 17834.0 5467
184 56003 2649.3 5770.4 8203.6 5490
874 56605 3852.9 7929.1 11771.0 5708
222 56014 3138.1 5252.6 6799.3 5719
616 56363 3465.7 7415.7 10745.0 5731
190 55984 2135.3 4000.7 5841.6 5736
996 56011 13735.0 31638.0 51568.0 5743
338 56246 3978.4 6683.0 8473.2 5769
634 56274 2068.0 5171.2 8285.4 5780
924 56334 2085.3 2949.0 3524.4 5811
136 56017 2482.2 4209.9 5537.5 5846
680 56037 2482.2 4209.9 5537.5 5847
183 56042 20045.0 22435.0 48189.0 5850
760 56034 3556.2 6405.9 7656.8 5852
216 56033 2387.5 4282.0 5809.2 5878
906 56042 2385.3 4935.0 7065.1 5880
904 56038 2480.4 3763.9 4519.8 5889
264 56037 9161.3 15939.0 21023.0 5890
648 56037 5590.3 8791.8 11075.0 5890
854 56337 2086.6 3638.6 4886.1 5984
221 56097 4227.6 7119.2 10571.0 6010
503 56096 3766.5 6106.6 8012.6 6015
203 56072 2648.4 4976.0 6851.9 6048
50 56093 5902.4 7706.2 8199.6 6059
454 56074 5902.4 7706.2 8199.6 6060
791 56237 5362.3 10903.0 15511.0 6115
552 56214 2500.0 5388.2 8561.4 6130
728 56206 3769.2 8716.9 13261.0 6136
534 56267 2051.3 4769.8 7422.2 6143
315 56265 7239.1 16588.0 24829.0 6146
292 56164 5547.5 13266.0 21224.0 6152
924 56164 5547.5 13266.0 21224.0 6153
700 56187 2092.8 4990.7 7769.2 6168
611 56240 2282.8 5629.2 8355.5 6255
580 56304 2085.2 4093.7 5815.7 6271
364 56449 2108.0 2468.4 3265.9 6321
120 56190 2555.0 5142.9 7400.8 6322
510 56330 2844.5 4687.9 6242.2 6404
742 56274 2804.5 4748.7 5694.3 6421
338 56309 3049.3 6097.4 8952.9 6432
118 56362 6193.3 12242.0 17178.0 6434
402 56364 2215.3 4942.6 7608.8 6441
641 56330 5066.8 7729.2 8762.9 6457
788 56309 2774.4 6212.1 9254.0 6464
806 56328 2392.8 5679.0 9122.4 6469
78 56564 2187.4 4437.0 6605.9 6506
472 56567 5272.7 12465.0 19254.0 6512
320 56565 3354.7 7162.2 10398.0 6605
542 56358 4403.2 8088.3 10813.0 6630
124 56364 4403.2 8088.3 10813.0 6631
617 56364 2377.4 3521.3 4222.0 6631
658 56367 9838.3 16460.0 20431.0 6636
562 56385 2098.1 4536.7 6842.5 6640
703 56384 3909.5 6113.6 7504.8 6644
588 56398 4097.3 6095.6 7455.8 6645
676 56383 4832.5 8899.6 12245.0 6648
670 56366 4665.6 8042.2 10974.0 6657
505 56413 2863.1 6447.1 9582.9 6669
614 56389 4699.1 10137.0 14730.0 6676
481 56385 3343.1 5448.8 7130.3 6677
496 56385 2848.1 3506.2 4125.0 6677
935 56412 2635.1 5941.3 8259.0 6685
844 56389 2216.1 4622.8 6346.7 6686
910 56384 2231.9 4204.1 5461.8 6700
610 56390 2560.6 5204.8 7313.6 6725
44 56425 2436.3 4003.9 5143.6 6745
660 56371 3370.8 5203.4 6439.8 6748
738 56413 2161.2 4104.4 5663.1 6755
566 56402 2252.2 4398.6 5963.6 6803
844 56429 4451.7 6403.7 7960.8 6807
534 56453 2705.6 3501.3 3980.3 6829
1 56420 2176.8 4249.6 6131.9 6969
28 56426 2018.3 3230.3 4099.3 6972
544 56683 6036.0 11297.0 15665.0 7092
916 56660 4735.4 6792.6 7862.2 7094
968 56683 3431.2 6764.6 9462.0 7096
624 56661 2573.3 4811.6 6553.0 7098
308 56711 3275.2 4642.6 5728.0 7113
32 56625 2725.9 2841.9 2712.2 7254
159 56625 2605.9 2757.2 2660.9 7254
19 56605 6454.4 8917.3 1026.0 7258
63 56605 5039.1 6360.6 6378.4 7258
200 56605 2416.6 2838.3 2915.9 7258
239 56605 3034.5 5649.0 1090.2 7258
315 56605 2991.8 10959.0 2531.0 7258
382 56605 2746.7 8849.2 15572.0 7258
421 56605 2220.8 2503.0 2544.6 7258
463 56605 7432.4 8208.4 8085.1 7258
473 56605 3599.9 5690.0 6598.2 7258
497 56605 3561.3 5107.2 5736.1 7258
530 56605 6474.0 9066.5 2382.7 7258
538 56605 4794.6 6378.2 7128.6 7258
549 56605 3105.2 6285.7 4818.6 7258
554 56605 6096.0 7585.2 8303.2 7258
562 56605 8474.8 9538.4 8366.0 7258
563 56605 4537.5 5050.8 4951.2 7258
567 56605 2765.5 4571.5 5301.2 7258
575 56605 6209.7 7834.5 8386.8 7258
581 56605 6925.0 7838.3 7632.0 7258
601 56605 3036.0 9373.1 9879.5 7258
614 56605 2314.3 10071.0 17911.0 7258
617 56605 2317.6 7370.7 4502.7 7258
637 56605 2196.2 6796.0 7021.7 7258
646 56605 4217.3 6066.0 4830.9 7258
689 56605 2726.9 4389.0 4489.8 7258
714 56605 12418.0 818.24 12659.0 7258
719 56605 4394.7 825.8 8248.7 7258
736 56605 2696.2 8822.3 13650.0 7258
746 56605 6149.0 17852.0 24819.0 7258
755 56605 21116.0 1499.9 895.6 7258
828 56605 6608.6 9277.0 9405.2 7258
858 56605 2150.5 9502.0 15387.0 7258
875 56605 9237.5 662.7 270.17 7258
992 56605 7809.6 8887.2 1457.8 7258
333 56603 8651.1 15180.0 17757.0 7261
